253 000000000
254 000000001
252 000000010
233 000000011
250 000000100
248 000000101
251 000000110
243 000000111
249 000001000
234 000001001
232 000001010
244 000001011
242 000001100
238 000001101
235 000001110
207 000001111
247 000010000
229 000010001
245 000010010
237 000010011
239 000010100
246 000010101
198 000010110
227 000010111
204 000011000
240 000011001
170 000011010
230 000011011
209 000011100
231 000011101
223 000011110
192 000011111
219 000100000
226 000100001
200 000100010
211 000100011
218 000100100
236 000100101
215 000100110
217 000100111
228 000101000
220 000101001
241 00010101
201 00010110
224 00010111
199 00011000
175 00011001
182 00011010
196 00011011
213 00011100
222 00011101
203 00011110
206 00011111
216 00100000
194 00100001
208 00100010
180 00100011
205 00100100
225 00100101
210 00100110
214 00100111
172 00101000
177 00101001
160 00101010
178 00101011
189 00101100
221 00101101
167 00101110
181 00101111
174 00110000
212 00110001
185 00110010
191 00110011
176 00110100
193 00110101
195 00110110
144 00110111
171 00111000
184 00111001
197 00111010
183 00111011
186 00111100
190 00111101
153 00111110
187 00111111
202 01000000
143 01000001
145 01000010
150 01000011
164 01000100
136 01000101
188 01000110
162 01000111
179 01001000
157 01001001
166 01001010
173 01001011
152 01001100
151 01001101
122 01001110
168 01001111
128 01010000
105 01010001
165 01010010
138 01010011
163 01010100
158 01010101
116 01010110
119 01010111
154 01011000
169 01011001
124 01011010
156 01011011
92 01011100
147 01011101
134 01011110
148 01011111
95 01100000
117 01100001
118 01100010
113 01100011
121 01100100
82 01100101
84 01100110
90 01100111
104 01101000
107 01101001
159 01101010
111 01101011
103 01101100
126 01101101
132 01101110
140 01101111
102 01110000
133 01110001
142 01110010
114 01110011
115 01110100
149 01110101
125 01110110
161 01110111
86 01111000
135 01111001
75 01111010
127 01111011
109 01111100
120 01111101
123 01111110
137 01111111
141 10000000
100 10000001
94 10000010
87 10000011
77 10000100
99 10000101
155 10000110
83 10000111
139 10001000
110 10001001
93 10001010
62 10001011
73 10001100
91 10001101
76 10001110
81 10001111
88 10010000
129 10010001
146 10010010
57 10010011
78 10010100
61 10010101
79 10010110
112 10010111
59 10011000
63 10011001
106 10011010
131 10011011
80 10011100
85 10011101
108 10011110
74 10011111
96 10100000
89 10100001
68 10100010
97 10100011
49 10100100
70 10100101
65 10100110
72 10100111
71 10101000
54 10101001
101 10101010
69 10101011
56 10101100
60 10101101
67 10101110
98 10101111
37 10110000
46 10110001
53 10110010
48 10110011
130 10110100
45 10110101
64 10110110
47 10110111
51 10111000
50 10111001
52 10111010
66 10111011
42 10111100
44 10111101
38 10111110
39 10111111
31 11000000
41 11000001
55 11000010
40 11000011
34 11000100
33 11000101
43 11000110
32 11000111
58 11001000
35 11001001
29 11001010
26 11001011
28 11001100
36 11001101
255 11001110
19 11001111
20 11010000
23 11010001
25 11010010
22 11010011
30 11010100
24 11010101
15 11010110
21 11010111
18 11011000
27 11011001
14 11011010
16 11011011
17 1101110
11 1101111
10 1110000
13 1110001
12 1110010
7 1110011
9 1110100
8 1110101
6 1110110
5 1110111
4 1111000
3 1111001
1 111101
0 111110
2 111111
