126
184150
94976
71955
65657
53696
53397
52808
42872
38225
37438
33331
26874
25858
25628
25337
24710
21067
19293
17315
15442
15254
14837
14373
13938
13854
12418
9544
8383
7047
6882
4724
4064
3265
2520
2513
2317
2245
1991
1823
1732
1575
1479
1437
1395
1274
1271
1228
1036
967
940
938
832
672
608
556
508
451
384
376
264
264
251
241
233
214
203
105
74
73
60
53
53
46
42
42
40
40
40
38
37
27
21
21
20
16
16
16
15
14
11
9
7
7
7
7
6
6
6
5
5
5
4
4
4
3
3
3
3
2
2
1
1
1
1
1
1
1
1
1
1
1
1
1
1
1
1